"C0001": { 8: 1 4: 0 1: 0 }
"C0004": { 6: 0 3: 1 2: 1 }
"C0015": { 7: 1 3: 0 0: 0 }
"C0021": { 5: 0 4: 1 3: 1 }
"C0022": { 8: 1 6: 0 5: 0 }
"C0024": { 8: 1 6: 0 4: 0 }
"C0027": { 8: 1 4: 0 1: 1 }
"C0028": { 4: 1 2: 1 1: 1 }
"C0029": { 6: 1 2: 1 0: 1 }
"C0031": { 5: 0 4: 1 2: 0 }
"C0033": { 7: 1 3: 1 1: 1 }
"C0040": { 8: 0 2: 1 0: 1 } 

sats: [  #  123 x:
0  1  2  3  4  6  8  9  10 11 20 32 33 34 35 36 38 40 41 42 43 48 49 50     - 24
51 52 56 57 58 59 64 65 66 67 68 70 72 73 74 75 76 78 84 96 97        - 21
98  99  100 102 104 105 106 107 108 110 112 113 114 115 116 120 121   - 17
122 123 124 129 131 136 137 161 163 168 169 177 179 184 185 193       - 16
195 200 201 204 225 227 232 233 236 241 243 248 249 252 304 305       - 16
306 307 308 309 312 313 314 315 340 368 369 370 371 372 376 377       - 16
378 379 380 433 435 437 440 441 497 499 504 505 508                   - 13
]
-----  8  7  6  5  4  3  2  1  0  -----
00000: 0  0  0  0  0  0  0  0  0 $ 
00001: 0  0  0  0  0  0  0  0  1 $ 
00002: 0  0  0  0  0  0  0  1  0 $ 
00003: 0  0  0  0  0  0  0  1  1 $ 
00004: 0  0  0  0  0  0  1  0  0 $ 
00005: 0  0  0  0  0  0  1  0  1 $ C0040
00006: 0  0  0  0  0  0  1  1  0 $ 
00007: 0  0  0  0  0  0  1  1  1 $ C0040
00008: 0  0  0  0  0  1  0  0  0 $ 
00009: 0  0  0  0  0  1  0  0  1 $ 
00010: 0  0  0  0  0  1  0  1  0 $ 
00011: 0  0  0  0  0  1  0  1  1 $ 
00012: 0  0  0  0  0  1  1  0  0 $ C0004
00013: 0  0  0  0  0  1  1  0  1 $ C0004 C0040
00014: 0  0  0  0  0  1  1  1  0 $ C0004
00015: 0  0  0  0  0  1  1  1  1 $ C0004 C0040
00016: 0  0  0  0  1  0  0  0  0 $ C0031
00017: 0  0  0  0  1  0  0  0  1 $ C0031
00018: 0  0  0  0  1  0  0  1  0 $ C0031
00019: 0  0  0  0  1  0  0  1  1 $ C0031
00020: 0  0  0  0  1  0  1  0  0 $ 
00021: 0  0  0  0  1  0  1  0  1 $ C0040
00022: 0  0  0  0  1  0  1  1  0 $ C0028
00023: 0  0  0  0  1  0  1  1  1 $ C0028 C0040
00024: 0  0  0  0  1  1  0  0  0 $ C0021 C0031
00025: 0  0  0  0  1  1  0  0  1 $ C0021 C0031
00026: 0  0  0  0  1  1  0  1  0 $ C0021 C0031
00027: 0  0  0  0  1  1  0  1  1 $ C0021 C0031
00028: 0  0  0  0  1  1  1  0  0 $ C0004 C0021
00029: 0  0  0  0  1  1  1  0  1 $ C0004 C0021 C0040
00030: 0  0  0  0  1  1  1  1  0 $ C0004 C0021 C0028
00031: 0  0  0  0  1  1  1  1  1 $ C0004 C0021 C0028 C0040
00032: 0  0  0  1  0  0  0  0  0 $ 
00033: 0  0  0  1  0  0  0  0  1 $ 
00034: 0  0  0  1  0  0  0  1  0 $ 
00035: 0  0  0  1  0  0  0  1  1 $ 
00036: 0  0  0  1  0  0  1  0  0 $ 
00037: 0  0  0  1  0  0  1  0  1 $ C0040
00038: 0  0  0  1  0  0  1  1  0 $ 
00039: 0  0  0  1  0  0  1  1  1 $ C0040
00040: 0  0  0  1  0  1  0  0  0 $ 
00041: 0  0  0  1  0  1  0  0  1 $ 
00042: 0  0  0  1  0  1  0  1  0 $ 
00043: 0  0  0  1  0  1  0  1  1 $ 
00044: 0  0  0  1  0  1  1  0  0 $ C0004
00045: 0  0  0  1  0  1  1  0  1 $ C0004 C0040
00046: 0  0  0  1  0  1  1  1  0 $ C0004
00047: 0  0  0  1  0  1  1  1  1 $ C0004 C0040
00048: 0  0  0  1  1  0  0  0  0 $ 
00049: 0  0  0  1  1  0  0  0  1 $ 
00050: 0  0  0  1  1  0  0  1  0 $ 
00051: 0  0  0  1  1  0  0  1  1 $ 
00052: 0  0  0  1  1  0  1  0  0 $ 
00053: 0  0  0  1  1  0  1  0  1 $ C0040
00054: 0  0  0  1  1  0  1  1  0 $ C0028
00055: 0  0  0  1  1  0  1  1  1 $ C0028 C0040
00056: 0  0  0  1  1  1  0  0  0 $ 
00057: 0  0  0  1  1  1  0  0  1 $ 
00058: 0  0  0  1  1  1  0  1  0 $ 
00059: 0  0  0  1  1  1  0  1  1 $ 
00060: 0  0  0  1  1  1  1  0  0 $ C0004
00061: 0  0  0  1  1  1  1  0  1 $ C0004 C0040
00062: 0  0  0  1  1  1  1  1  0 $ C0004 C0028
00063: 0  0  0  1  1  1  1  1  1 $ C0004 C0028 C0040
00064: 0  0  1  0  0  0  0  0  0 $ 
00065: 0  0  1  0  0  0  0  0  1 $ 
00066: 0  0  1  0  0  0  0  1  0 $ 
00067: 0  0  1  0  0  0  0  1  1 $ 
00068: 0  0  1  0  0  0  1  0  0 $ 
00069: 0  0  1  0  0  0  1  0  1 $ C0029 C0040
00070: 0  0  1  0  0  0  1  1  0 $ 
00071: 0  0  1  0  0  0  1  1  1 $ C0029 C0040
00072: 0  0  1  0  0  1  0  0  0 $ 
00073: 0  0  1  0  0  1  0  0  1 $ 
00074: 0  0  1  0  0  1  0  1  0 $ 
00075: 0  0  1  0  0  1  0  1  1 $ 
00076: 0  0  1  0  0  1  1  0  0 $ 
00077: 0  0  1  0  0  1  1  0  1 $ C0029 C0040
00078: 0  0  1  0  0  1  1  1  0 $ 
00079: 0  0  1  0  0  1  1  1  1 $ C0029 C0040
00080: 0  0  1  0  1  0  0  0  0 $ C0031
00081: 0  0  1  0  1  0  0  0  1 $ C0031
00082: 0  0  1  0  1  0  0  1  0 $ C0031
00083: 0  0  1  0  1  0  0  1  1 $ C0031
00084: 0  0  1  0  1  0  1  0  0 $ 
00085: 0  0  1  0  1  0  1  0  1 $ C0029 C0040
00086: 0  0  1  0  1  0  1  1  0 $ C0028
00087: 0  0  1  0  1  0  1  1  1 $ C0028 C0029 C0040
00088: 0  0  1  0  1  1  0  0  0 $ C0021 C0031
00089: 0  0  1  0  1  1  0  0  1 $ C0021 C0031
00090: 0  0  1  0  1  1  0  1  0 $ C0021 C0031
00091: 0  0  1  0  1  1  0  1  1 $ C0021 C0031
00092: 0  0  1  0  1  1  1  0  0 $ C0021
00093: 0  0  1  0  1  1  1  0  1 $ C0021 C0029 C0040
00094: 0  0  1  0  1  1  1  1  0 $ C0021 C0028
00095: 0  0  1  0  1  1  1  1  1 $ C0021 C0028 C0029 C0040
00096: 0  0  1  1  0  0  0  0  0 $ 
00097: 0  0  1  1  0  0  0  0  1 $ 
00098: 0  0  1  1  0  0  0  1  0 $ 
00099: 0  0  1  1  0  0  0  1  1 $ 
00100: 0  0  1  1  0  0  1  0  0 $ 
00101: 0  0  1  1  0  0  1  0  1 $ C0029 C0040
00102: 0  0  1  1  0  0  1  1  0 $ 
00103: 0  0  1  1  0  0  1  1  1 $ C0029 C0040
00104: 0  0  1  1  0  1  0  0  0 $ 
00105: 0  0  1  1  0  1  0  0  1 $ 
00106: 0  0  1  1  0  1  0  1  0 $ 
00107: 0  0  1  1  0  1  0  1  1 $ 
00108: 0  0  1  1  0  1  1  0  0 $ 
00109: 0  0  1  1  0  1  1  0  1 $ C0029 C0040
00110: 0  0  1  1  0  1  1  1  0 $ 
00111: 0  0  1  1  0  1  1  1  1 $ C0029 C0040
00112: 0  0  1  1  1  0  0  0  0 $ 
00113: 0  0  1  1  1  0  0  0  1 $ 
00114: 0  0  1  1  1  0  0  1  0 $ 
00115: 0  0  1  1  1  0  0  1  1 $ 
00116: 0  0  1  1  1  0  1  0  0 $ 
00117: 0  0  1  1  1  0  1  0  1 $ C0029 C0040
00118: 0  0  1  1  1  0  1  1  0 $ C0028
00119: 0  0  1  1  1  0  1  1  1 $ C0028 C0029 C0040
00120: 0  0  1  1  1  1  0  0  0 $ 
00121: 0  0  1  1  1  1  0  0  1 $ 
00122: 0  0  1  1  1  1  0  1  0 $ 
00123: 0  0  1  1  1  1  0  1  1 $ 
00124: 0  0  1  1  1  1  1  0  0 $ 
00125: 0  0  1  1  1  1  1  0  1 $ C0029 C0040
00126: 0  0  1  1  1  1  1  1  0 $ C0028
00127: 0  0  1  1  1  1  1  1  1 $ C0028 C0029 C0040
00128: 0  1  0  0  0  0  0  0  0 $ C0015
00129: 0  1  0  0  0  0  0  0  1 $ 
00130: 0  1  0  0  0  0  0  1  0 $ C0015
00131: 0  1  0  0  0  0  0  1  1 $ 
00132: 0  1  0  0  0  0  1  0  0 $ C0015
00133: 0  1  0  0  0  0  1  0  1 $ C0040
00134: 0  1  0  0  0  0  1  1  0 $ C0015
00135: 0  1  0  0  0  0  1  1  1 $ C0040
00136: 0  1  0  0  0  1  0  0  0 $ 
00137: 0  1  0  0  0  1  0  0  1 $ 
00138: 0  1  0  0  0  1  0  1  0 $ C0033
00139: 0  1  0  0  0  1  0  1  1 $ C0033
00140: 0  1  0  0  0  1  1  0  0 $ C0004
00141: 0  1  0  0  0  1  1  0  1 $ C0004 C0040
00142: 0  1  0  0  0  1  1  1  0 $ C0004 C0033
00143: 0  1  0  0  0  1  1  1  1 $ C0004 C0033 C0040
00144: 0  1  0  0  1  0  0  0  0 $ C0015 C0031
00145: 0  1  0  0  1  0  0  0  1 $ C0031
00146: 0  1  0  0  1  0  0  1  0 $ C0015 C0031
00147: 0  1  0  0  1  0  0  1  1 $ C0031
00148: 0  1  0  0  1  0  1  0  0 $ C0015
00149: 0  1  0  0  1  0  1  0  1 $ C0040
00150: 0  1  0  0  1  0  1  1  0 $ C0015 C0028
00151: 0  1  0  0  1  0  1  1  1 $ C0028 C0040
00152: 0  1  0  0  1  1  0  0  0 $ C0021 C0031
00153: 0  1  0  0  1  1  0  0  1 $ C0021 C0031
00154: 0  1  0  0  1  1  0  1  0 $ C0021 C0031 C0033
00155: 0  1  0  0  1  1  0  1  1 $ C0021 C0031 C0033
00156: 0  1  0  0  1  1  1  0  0 $ C0004 C0021
00157: 0  1  0  0  1  1  1  0  1 $ C0004 C0021 C0040
00158: 0  1  0  0  1  1  1  1  0 $ C0004 C0021 C0028 C0033
00159: 0  1  0  0  1  1  1  1  1 $ C0004 C0021 C0028 C0033 C0040
00160: 0  1  0  1  0  0  0  0  0 $ C0015
00161: 0  1  0  1  0  0  0  0  1 $ 
00162: 0  1  0  1  0  0  0  1  0 $ C0015
00163: 0  1  0  1  0  0  0  1  1 $ 
00164: 0  1  0  1  0  0  1  0  0 $ C0015
00165: 0  1  0  1  0  0  1  0  1 $ C0040
00166: 0  1  0  1  0  0  1  1  0 $ C0015
00167: 0  1  0  1  0  0  1  1  1 $ C0040
00168: 0  1  0  1  0  1  0  0  0 $ 
00169: 0  1  0  1  0  1  0  0  1 $ 
00170: 0  1  0  1  0  1  0  1  0 $ C0033
00171: 0  1  0  1  0  1  0  1  1 $ C0033
00172: 0  1  0  1  0  1  1  0  0 $ C0004
00173: 0  1  0  1  0  1  1  0  1 $ C0004 C0040
00174: 0  1  0  1  0  1  1  1  0 $ C0004 C0033
00175: 0  1  0  1  0  1  1  1  1 $ C0004 C0033 C0040
00176: 0  1  0  1  1  0  0  0  0 $ C0015
00177: 0  1  0  1  1  0  0  0  1 $ 
00178: 0  1  0  1  1  0  0  1  0 $ C0015
00179: 0  1  0  1  1  0  0  1  1 $ 
00180: 0  1  0  1  1  0  1  0  0 $ C0015
00181: 0  1  0  1  1  0  1  0  1 $ C0040
00182: 0  1  0  1  1  0  1  1  0 $ C0015 C0028
00183: 0  1  0  1  1  0  1  1  1 $ C0028 C0040
00184: 0  1  0  1  1  1  0  0  0 $ 
00185: 0  1  0  1  1  1  0  0  1 $ 
00186: 0  1  0  1  1  1  0  1  0 $ C0033
00187: 0  1  0  1  1  1  0  1  1 $ C0033
00188: 0  1  0  1  1  1  1  0  0 $ C0004
00189: 0  1  0  1  1  1  1  0  1 $ C0004 C0040
00190: 0  1  0  1  1  1  1  1  0 $ C0004 C0028 C0033
00191: 0  1  0  1  1  1  1  1  1 $ C0004 C0028 C0033 C0040
00192: 0  1  1  0  0  0  0  0  0 $ C0015
00193: 0  1  1  0  0  0  0  0  1 $ 
00194: 0  1  1  0  0  0  0  1  0 $ C0015
00195: 0  1  1  0  0  0  0  1  1 $ 
00196: 0  1  1  0  0  0  1  0  0 $ C0015
00197: 0  1  1  0  0  0  1  0  1 $ C0029 C0040
00198: 0  1  1  0  0  0  1  1  0 $ C0015
00199: 0  1  1  0  0  0  1  1  1 $ C0029 C0040
00200: 0  1  1  0  0  1  0  0  0 $ 
00201: 0  1  1  0  0  1  0  0  1 $ 
00202: 0  1  1  0  0  1  0  1  0 $ C0033
00203: 0  1  1  0  0  1  0  1  1 $ C0033
00204: 0  1  1  0  0  1  1  0  0 $ 
00205: 0  1  1  0  0  1  1  0  1 $ C0029 C0040
00206: 0  1  1  0  0  1  1  1  0 $ C0033
00207: 0  1  1  0  0  1  1  1  1 $ C0029 C0033 C0040
00208: 0  1  1  0  1  0  0  0  0 $ C0015 C0031
00209: 0  1  1  0  1  0  0  0  1 $ C0031
00210: 0  1  1  0  1  0  0  1  0 $ C0015 C0031
00211: 0  1  1  0  1  0  0  1  1 $ C0031
00212: 0  1  1  0  1  0  1  0  0 $ C0015
00213: 0  1  1  0  1  0  1  0  1 $ C0029 C0040
00214: 0  1  1  0  1  0  1  1  0 $ C0015 C0028
00215: 0  1  1  0  1  0  1  1  1 $ C0028 C0029 C0040
00216: 0  1  1  0  1  1  0  0  0 $ C0021 C0031
00217: 0  1  1  0  1  1  0  0  1 $ C0021 C0031
00218: 0  1  1  0  1  1  0  1  0 $ C0021 C0031 C0033
00219: 0  1  1  0  1  1  0  1  1 $ C0021 C0031 C0033
00220: 0  1  1  0  1  1  1  0  0 $ C0021
00221: 0  1  1  0  1  1  1  0  1 $ C0021 C0029 C0040
00222: 0  1  1  0  1  1  1  1  0 $ C0021 C0028 C0033
00223: 0  1  1  0  1  1  1  1  1 $ C0021 C0028 C0029 C0033 C0040
00224: 0  1  1  1  0  0  0  0  0 $ C0015
00225: 0  1  1  1  0  0  0  0  1 $ 
00226: 0  1  1  1  0  0  0  1  0 $ C0015
00227: 0  1  1  1  0  0  0  1  1 $ 
00228: 0  1  1  1  0  0  1  0  0 $ C0015
00229: 0  1  1  1  0  0  1  0  1 $ C0029 C0040
00230: 0  1  1  1  0  0  1  1  0 $ C0015
00231: 0  1  1  1  0  0  1  1  1 $ C0029 C0040
00232: 0  1  1  1  0  1  0  0  0 $ 
00233: 0  1  1  1  0  1  0  0  1 $ 
00234: 0  1  1  1  0  1  0  1  0 $ C0033
00235: 0  1  1  1  0  1  0  1  1 $ C0033
00236: 0  1  1  1  0  1  1  0  0 $ 
00237: 0  1  1  1  0  1  1  0  1 $ C0029 C0040
00238: 0  1  1  1  0  1  1  1  0 $ C0033
00239: 0  1  1  1  0  1  1  1  1 $ C0029 C0033 C0040
00240: 0  1  1  1  1  0  0  0  0 $ C0015
00241: 0  1  1  1  1  0  0  0  1 $ 
00242: 0  1  1  1  1  0  0  1  0 $ C0015
00243: 0  1  1  1  1  0  0  1  1 $ 
00244: 0  1  1  1  1  0  1  0  0 $ C0015
00245: 0  1  1  1  1  0  1  0  1 $ C0029 C0040
00246: 0  1  1  1  1  0  1  1  0 $ C0015 C0028
00247: 0  1  1  1  1  0  1  1  1 $ C0028 C0029 C0040
00248: 0  1  1  1  1  1  0  0  0 $ 
00249: 0  1  1  1  1  1  0  0  1 $ 
00250: 0  1  1  1  1  1  0  1  0 $ C0033
00251: 0  1  1  1  1  1  0  1  1 $ C0033
00252: 0  1  1  1  1  1  1  0  0 $ 
00253: 0  1  1  1  1  1  1  0  1 $ C0029 C0040
00254: 0  1  1  1  1  1  1  1  0 $ C0028 C0033
00255: 0  1  1  1  1  1  1  1  1 $ C0028 C0029 C0033 C0040
00256: 1  0  0  0  0  0  0  0  0 $ C0001 C0022 C0024
00257: 1  0  0  0  0  0  0  0  1 $ C0001 C0022 C0024
00258: 1  0  0  0  0  0  0  1  0 $ C0022 C0024 C0027
00259: 1  0  0  0  0  0  0  1  1 $ C0022 C0024 C0027
00260: 1  0  0  0  0  0  1  0  0 $ C0001 C0022 C0024
00261: 1  0  0  0  0  0  1  0  1 $ C0001 C0022 C0024
00262: 1  0  0  0  0  0  1  1  0 $ C0022 C0024 C0027
00263: 1  0  0  0  0  0  1  1  1 $ C0022 C0024 C0027
00264: 1  0  0  0  0  1  0  0  0 $ C0001 C0022 C0024
00265: 1  0  0  0  0  1  0  0  1 $ C0001 C0022 C0024
00266: 1  0  0  0  0  1  0  1  0 $ C0022 C0024 C0027
00267: 1  0  0  0  0  1  0  1  1 $ C0022 C0024 C0027
00268: 1  0  0  0  0  1  1  0  0 $ C0001 C0004 C0022 C0024
00269: 1  0  0  0  0  1  1  0  1 $ C0001 C0004 C0022 C0024
00270: 1  0  0  0  0  1  1  1  0 $ C0004 C0022 C0024 C0027
00271: 1  0  0  0  0  1  1  1  1 $ C0004 C0022 C0024 C0027
00272: 1  0  0  0  1  0  0  0  0 $ C0022 C0031
00273: 1  0  0  0  1  0  0  0  1 $ C0022 C0031
00274: 1  0  0  0  1  0  0  1  0 $ C0022 C0031
00275: 1  0  0  0  1  0  0  1  1 $ C0022 C0031
00276: 1  0  0  0  1  0  1  0  0 $ C0022
00277: 1  0  0  0  1  0  1  0  1 $ C0022
00278: 1  0  0  0  1  0  1  1  0 $ C0022 C0028
00279: 1  0  0  0  1  0  1  1  1 $ C0022 C0028
00280: 1  0  0  0  1  1  0  0  0 $ C0021 C0022 C0031
00281: 1  0  0  0  1  1  0  0  1 $ C0021 C0022 C0031
00282: 1  0  0  0  1  1  0  1  0 $ C0021 C0022 C0031
00283: 1  0  0  0  1  1  0  1  1 $ C0021 C0022 C0031
00284: 1  0  0  0  1  1  1  0  0 $ C0004 C0021 C0022
00285: 1  0  0  0  1  1  1  0  1 $ C0004 C0021 C0022
00286: 1  0  0  0  1  1  1  1  0 $ C0004 C0021 C0022 C0028
00287: 1  0  0  0  1  1  1  1  1 $ C0004 C0021 C0022 C0028
00288: 1  0  0  1  0  0  0  0  0 $ C0001 C0024
00289: 1  0  0  1  0  0  0  0  1 $ C0001 C0024
00290: 1  0  0  1  0  0  0  1  0 $ C0024 C0027
00291: 1  0  0  1  0  0  0  1  1 $ C0024 C0027
00292: 1  0  0  1  0  0  1  0  0 $ C0001 C0024
00293: 1  0  0  1  0  0  1  0  1 $ C0001 C0024
00294: 1  0  0  1  0  0  1  1  0 $ C0024 C0027
00295: 1  0  0  1  0  0  1  1  1 $ C0024 C0027
00296: 1  0  0  1  0  1  0  0  0 $ C0001 C0024
00297: 1  0  0  1  0  1  0  0  1 $ C0001 C0024
00298: 1  0  0  1  0  1  0  1  0 $ C0024 C0027
00299: 1  0  0  1  0  1  0  1  1 $ C0024 C0027
00300: 1  0  0  1  0  1  1  0  0 $ C0001 C0004 C0024
00301: 1  0  0  1  0  1  1  0  1 $ C0001 C0004 C0024
00302: 1  0  0  1  0  1  1  1  0 $ C0004 C0024 C0027
00303: 1  0  0  1  0  1  1  1  1 $ C0004 C0024 C0027
00304: 1  0  0  1  1  0  0  0  0 $ 
00305: 1  0  0  1  1  0  0  0  1 $ 
00306: 1  0  0  1  1  0  0  1  0 $ 
00307: 1  0  0  1  1  0  0  1  1 $ 
00308: 1  0  0  1  1  0  1  0  0 $ 
00309: 1  0  0  1  1  0  1  0  1 $ 
00310: 1  0  0  1  1  0  1  1  0 $ C0028
00311: 1  0  0  1  1  0  1  1  1 $ C0028
00312: 1  0  0  1  1  1  0  0  0 $ 
00313: 1  0  0  1  1  1  0  0  1 $ 
00314: 1  0  0  1  1  1  0  1  0 $ 
00315: 1  0  0  1  1  1  0  1  1 $ 
00316: 1  0  0  1  1  1  1  0  0 $ C0004
00317: 1  0  0  1  1  1  1  0  1 $ C0004
00318: 1  0  0  1  1  1  1  1  0 $ C0004 C0028
00319: 1  0  0  1  1  1  1  1  1 $ C0004 C0028
00320: 1  0  1  0  0  0  0  0  0 $ C0001
00321: 1  0  1  0  0  0  0  0  1 $ C0001
00322: 1  0  1  0  0  0  0  1  0 $ C0027
00323: 1  0  1  0  0  0  0  1  1 $ C0027
00324: 1  0  1  0  0  0  1  0  0 $ C0001
00325: 1  0  1  0  0  0  1  0  1 $ C0001 C0029
00326: 1  0  1  0  0  0  1  1  0 $ C0027
00327: 1  0  1  0  0  0  1  1  1 $ C0027 C0029
00328: 1  0  1  0  0  1  0  0  0 $ C0001
00329: 1  0  1  0  0  1  0  0  1 $ C0001
00330: 1  0  1  0  0  1  0  1  0 $ C0027
00331: 1  0  1  0  0  1  0  1  1 $ C0027
00332: 1  0  1  0  0  1  1  0  0 $ C0001
00333: 1  0  1  0  0  1  1  0  1 $ C0001 C0029
00334: 1  0  1  0  0  1  1  1  0 $ C0027
00335: 1  0  1  0  0  1  1  1  1 $ C0027 C0029
00336: 1  0  1  0  1  0  0  0  0 $ C0031
00337: 1  0  1  0  1  0  0  0  1 $ C0031
00338: 1  0  1  0  1  0  0  1  0 $ C0031
00339: 1  0  1  0  1  0  0  1  1 $ C0031
00340: 1  0  1  0  1  0  1  0  0 $ 
00341: 1  0  1  0  1  0  1  0  1 $ C0029
00342: 1  0  1  0  1  0  1  1  0 $ C0028
00343: 1  0  1  0  1  0  1  1  1 $ C0028 C0029
00344: 1  0  1  0  1  1  0  0  0 $ C0021 C0031
00345: 1  0  1  0  1  1  0  0  1 $ C0021 C0031
00346: 1  0  1  0  1  1  0  1  0 $ C0021 C0031
00347: 1  0  1  0  1  1  0  1  1 $ C0021 C0031
00348: 1  0  1  0  1  1  1  0  0 $ C0021
00349: 1  0  1  0  1  1  1  0  1 $ C0021 C0029
00350: 1  0  1  0  1  1  1  1  0 $ C0021 C0028
00351: 1  0  1  0  1  1  1  1  1 $ C0021 C0028 C0029
00352: 1  0  1  1  0  0  0  0  0 $ C0001
00353: 1  0  1  1  0  0  0  0  1 $ C0001
00354: 1  0  1  1  0  0  0  1  0 $ C0027
00355: 1  0  1  1  0  0  0  1  1 $ C0027
00356: 1  0  1  1  0  0  1  0  0 $ C0001
00357: 1  0  1  1  0  0  1  0  1 $ C0001 C0029
00358: 1  0  1  1  0  0  1  1  0 $ C0027
00359: 1  0  1  1  0  0  1  1  1 $ C0027 C0029
00360: 1  0  1  1  0  1  0  0  0 $ C0001
00361: 1  0  1  1  0  1  0  0  1 $ C0001
00362: 1  0  1  1  0  1  0  1  0 $ C0027
00363: 1  0  1  1  0  1  0  1  1 $ C0027
00364: 1  0  1  1  0  1  1  0  0 $ C0001
00365: 1  0  1  1  0  1  1  0  1 $ C0001 C0029
00366: 1  0  1  1  0  1  1  1  0 $ C0027
00367: 1  0  1  1  0  1  1  1  1 $ C0027 C0029
00368: 1  0  1  1  1  0  0  0  0 $ 
00369: 1  0  1  1  1  0  0  0  1 $ 
00370: 1  0  1  1  1  0  0  1  0 $ 
00371: 1  0  1  1  1  0  0  1  1 $ 
00372: 1  0  1  1  1  0  1  0  0 $ 
00373: 1  0  1  1  1  0  1  0  1 $ C0029
00374: 1  0  1  1  1  0  1  1  0 $ C0028
00375: 1  0  1  1  1  0  1  1  1 $ C0028 C0029
00376: 1  0  1  1  1  1  0  0  0 $ 
00377: 1  0  1  1  1  1  0  0  1 $ 
00378: 1  0  1  1  1  1  0  1  0 $ 
00379: 1  0  1  1  1  1  0  1  1 $ 
00380: 1  0  1  1  1  1  1  0  0 $ 
00381: 1  0  1  1  1  1  1  0  1 $ C0029
00382: 1  0  1  1  1  1  1  1  0 $ C0028
00383: 1  0  1  1  1  1  1  1  1 $ C0028 C0029
00384: 1  1  0  0  0  0  0  0  0 $ C0001 C0015 C0022 C0024
00385: 1  1  0  0  0  0  0  0  1 $ C0001 C0022 C0024
00386: 1  1  0  0  0  0  0  1  0 $ C0015 C0022 C0024 C0027
00387: 1  1  0  0  0  0  0  1  1 $ C0022 C0024 C0027
00388: 1  1  0  0  0  0  1  0  0 $ C0001 C0015 C0022 C0024
00389: 1  1  0  0  0  0  1  0  1 $ C0001 C0022 C0024
00390: 1  1  0  0  0  0  1  1  0 $ C0015 C0022 C0024 C0027
00391: 1  1  0  0  0  0  1  1  1 $ C0022 C0024 C0027
00392: 1  1  0  0  0  1  0  0  0 $ C0001 C0022 C0024
00393: 1  1  0  0  0  1  0  0  1 $ C0001 C0022 C0024
00394: 1  1  0  0  0  1  0  1  0 $ C0022 C0024 C0027 C0033
00395: 1  1  0  0  0  1  0  1  1 $ C0022 C0024 C0027 C0033
00396: 1  1  0  0  0  1  1  0  0 $ C0001 C0004 C0022 C0024
00397: 1  1  0  0  0  1  1  0  1 $ C0001 C0004 C0022 C0024
00398: 1  1  0  0  0  1  1  1  0 $ C0004 C0022 C0024 C0027 C0033
00399: 1  1  0  0  0  1  1  1  1 $ C0004 C0022 C0024 C0027 C0033
00400: 1  1  0  0  1  0  0  0  0 $ C0015 C0022 C0031
00401: 1  1  0  0  1  0  0  0  1 $ C0022 C0031
00402: 1  1  0  0  1  0  0  1  0 $ C0015 C0022 C0031
00403: 1  1  0  0  1  0  0  1  1 $ C0022 C0031
00404: 1  1  0  0  1  0  1  0  0 $ C0015 C0022
00405: 1  1  0  0  1  0  1  0  1 $ C0022
00406: 1  1  0  0  1  0  1  1  0 $ C0015 C0022 C0028
00407: 1  1  0  0  1  0  1  1  1 $ C0022 C0028
00408: 1  1  0  0  1  1  0  0  0 $ C0021 C0022 C0031
00409: 1  1  0  0  1  1  0  0  1 $ C0021 C0022 C0031
00410: 1  1  0  0  1  1  0  1  0 $ C0021 C0022 C0031 C0033
00411: 1  1  0  0  1  1  0  1  1 $ C0021 C0022 C0031 C0033
00412: 1  1  0  0  1  1  1  0  0 $ C0004 C0021 C0022
00413: 1  1  0  0  1  1  1  0  1 $ C0004 C0021 C0022
00414: 1  1  0  0  1  1  1  1  0 $ C0004 C0021 C0022 C0028 C0033
00415: 1  1  0  0  1  1  1  1  1 $ C0004 C0021 C0022 C0028 C0033
00416: 1  1  0  1  0  0  0  0  0 $ C0001 C0015 C0024
00417: 1  1  0  1  0  0  0  0  1 $ C0001 C0024
00418: 1  1  0  1  0  0  0  1  0 $ C0015 C0024 C0027
00419: 1  1  0  1  0  0  0  1  1 $ C0024 C0027
00420: 1  1  0  1  0  0  1  0  0 $ C0001 C0015 C0024
00421: 1  1  0  1  0  0  1  0  1 $ C0001 C0024
00422: 1  1  0  1  0  0  1  1  0 $ C0015 C0024 C0027
00423: 1  1  0  1  0  0  1  1  1 $ C0024 C0027
00424: 1  1  0  1  0  1  0  0  0 $ C0001 C0024
00425: 1  1  0  1  0  1  0  0  1 $ C0001 C0024
00426: 1  1  0  1  0  1  0  1  0 $ C0024 C0027 C0033
00427: 1  1  0  1  0  1  0  1  1 $ C0024 C0027 C0033
00428: 1  1  0  1  0  1  1  0  0 $ C0001 C0004 C0024
00429: 1  1  0  1  0  1  1  0  1 $ C0001 C0004 C0024
00430: 1  1  0  1  0  1  1  1  0 $ C0004 C0024 C0027 C0033
00431: 1  1  0  1  0  1  1  1  1 $ C0004 C0024 C0027 C0033
00432: 1  1  0  1  1  0  0  0  0 $ C0015
00433: 1  1  0  1  1  0  0  0  1 $ 
00434: 1  1  0  1  1  0  0  1  0 $ C0015
00435: 1  1  0  1  1  0  0  1  1 $ 
00436: 1  1  0  1  1  0  1  0  0 $ C0015
00437: 1  1  0  1  1  0  1  0  1 $ 
00438: 1  1  0  1  1  0  1  1  0 $ C0015 C0028
00439: 1  1  0  1  1  0  1  1  1 $ C0028
00440: 1  1  0  1  1  1  0  0  0 $ 
00441: 1  1  0  1  1  1  0  0  1 $ 
00442: 1  1  0  1  1  1  0  1  0 $ C0033
00443: 1  1  0  1  1  1  0  1  1 $ C0033
00444: 1  1  0  1  1  1  1  0  0 $ C0004
00445: 1  1  0  1  1  1  1  0  1 $ C0004
00446: 1  1  0  1  1  1  1  1  0 $ C0004 C0028 C0033
00447: 1  1  0  1  1  1  1  1  1 $ C0004 C0028 C0033
00448: 1  1  1  0  0  0  0  0  0 $ C0001 C0015
00449: 1  1  1  0  0  0  0  0  1 $ C0001
00450: 1  1  1  0  0  0  0  1  0 $ C0015 C0027
00451: 1  1  1  0  0  0  0  1  1 $ C0027
00452: 1  1  1  0  0  0  1  0  0 $ C0001 C0015
00453: 1  1  1  0  0  0  1  0  1 $ C0001 C0029
00454: 1  1  1  0  0  0  1  1  0 $ C0015 C0027
00455: 1  1  1  0  0  0  1  1  1 $ C0027 C0029
00456: 1  1  1  0  0  1  0  0  0 $ C0001
00457: 1  1  1  0  0  1  0  0  1 $ C0001
00458: 1  1  1  0  0  1  0  1  0 $ C0027 C0033
00459: 1  1  1  0  0  1  0  1  1 $ C0027 C0033
00460: 1  1  1  0  0  1  1  0  0 $ C0001
00461: 1  1  1  0  0  1  1  0  1 $ C0001 C0029
00462: 1  1  1  0  0  1  1  1  0 $ C0027 C0033
00463: 1  1  1  0  0  1  1  1  1 $ C0027 C0029 C0033
00464: 1  1  1  0  1  0  0  0  0 $ C0015 C0031
00465: 1  1  1  0  1  0  0  0  1 $ C0031
00466: 1  1  1  0  1  0  0  1  0 $ C0015 C0031
00467: 1  1  1  0  1  0  0  1  1 $ C0031
00468: 1  1  1  0  1  0  1  0  0 $ C0015
00469: 1  1  1  0  1  0  1  0  1 $ C0029
00470: 1  1  1  0  1  0  1  1  0 $ C0015 C0028
00471: 1  1  1  0  1  0  1  1  1 $ C0028 C0029
00472: 1  1  1  0  1  1  0  0  0 $ C0021 C0031
00473: 1  1  1  0  1  1  0  0  1 $ C0021 C0031
00474: 1  1  1  0  1  1  0  1  0 $ C0021 C0031 C0033
00475: 1  1  1  0  1  1  0  1  1 $ C0021 C0031 C0033
00476: 1  1  1  0  1  1  1  0  0 $ C0021
00477: 1  1  1  0  1  1  1  0  1 $ C0021 C0029
00478: 1  1  1  0  1  1  1  1  0 $ C0021 C0028 C0033
00479: 1  1  1  0  1  1  1  1  1 $ C0021 C0028 C0029 C0033
00480: 1  1  1  1  0  0  0  0  0 $ C0001 C0015
00481: 1  1  1  1  0  0  0  0  1 $ C0001
00482: 1  1  1  1  0  0  0  1  0 $ C0015 C0027
00483: 1  1  1  1  0  0  0  1  1 $ C0027
00484: 1  1  1  1  0  0  1  0  0 $ C0001 C0015
00485: 1  1  1  1  0  0  1  0  1 $ C0001 C0029
00486: 1  1  1  1  0  0  1  1  0 $ C0015 C0027
00487: 1  1  1  1  0  0  1  1  1 $ C0027 C0029
00488: 1  1  1  1  0  1  0  0  0 $ C0001
00489: 1  1  1  1  0  1  0  0  1 $ C0001
00490: 1  1  1  1  0  1  0  1  0 $ C0027 C0033
00491: 1  1  1  1  0  1  0  1  1 $ C0027 C0033
00492: 1  1  1  1  0  1  1  0  0 $ C0001
00493: 1  1  1  1  0  1  1  0  1 $ C0001 C0029
00494: 1  1  1  1  0  1  1  1  0 $ C0027 C0033
00495: 1  1  1  1  0  1  1  1  1 $ C0027 C0029 C0033
00496: 1  1  1  1  1  0  0  0  0 $ C0015
00497: 1  1  1  1  1  0  0  0  1 $ 
00498: 1  1  1  1  1  0  0  1  0 $ C0015
00499: 1  1  1  1  1  0  0  1  1 $ 
00500: 1  1  1  1  1  0  1  0  0 $ C0015
00501: 1  1  1  1  1  0  1  0  1 $ C0029
00502: 1  1  1  1  1  0  1  1  0 $ C0015 C0028
00503: 1  1  1  1  1  0  1  1  1 $ C0028 C0029
00504: 1  1  1  1  1  1  0  0  0 $ 
00505: 1  1  1  1  1  1  0  0  1 $ 
00506: 1  1  1  1  1  1  0  1  0 $ C0033
00507: 1  1  1  1  1  1  0  1  1 $ C0033
00508: 1  1  1  1  1  1  1  0  0 $ 
00509: 1  1  1  1  1  1  1  0  1 $ C0029
00510: 1  1  1  1  1  1  1  1  0 $ C0028 C0033
00511: 1  1  1  1  1  1  1  1  1 $ C0028 C0029 C0033
